94184
94192
395839
1198222
9675
71117
395009
643839
2576770
94180
94182
1198224
71121
94178
205656
94186
94190
94197
205594
205595
205596
205597
220101
235200
235202
235203
235204
235207
235208
378042
2136167
235209
2776653
94196
205652
205654
94194
205655
2980524
2980525
2980526
9678
9680
95912
172271
32536
9683
9685
61376
61378
61379
2576912
9687
320633
2665947
13125
61383
61384
191816
1002257
37029
37030
61387
61388
61403
32538
46842
46844
61382
61386
61406
713925
1608501
61394
61405
61408
61412
61454
61455
9696
1608482
1403448
2782171
2796247
9689
9690
9691
9694
29064
235915
2770979
61410
61452
427616
13266
339609
339612
339614
2048657
9700
210648
328699
643830
643831
643832
643833
1585997
2854220
37032
41010
55052
210644
1230391
1230393
71111
210643
1096449
1433718
205599
210642
210646
210647
210650
210652
210654
311560
326576
326577
2023135
373387
39705
48418
140016
71115
61400
205649
215636
2004946
219105
868860
94188
143320
219107
9612
9614
32534
45781
68723
68724
68725
242524
242525
1002244
1707807
2562269
9616
613187
1419257
1419712
1785177
2714668
2714669
2714670
2714671
2714672
2714673
2714674
2714675
2769327
2769328
2769329
673762
1316008
9622
9624
9626
9627
9629
9630
9631
68732
354189
354190
494514
561074
1002255
1224817
2494276
30540
34880
55040
244585
68722
68728
68730
68741
68734
68736
68737
68739
354191
425201
1303779
2726995
2726996
9620
9634
9636
9638
30556
9642
9643
9644
29073
39097
518689
518691
518692
1002253
1530197
9641
373678
2828883
9646
551196
1825730
9651
352831
1704005
1967459
9654
92522
92523
1002251
2911592
29067
48422
298412
392506
1386914
1387127
429568
429569
55047
392507
743424
743425
1967462
9657
452642
1002247
1565733
9672
34882
71113
76717
76718
366500
76722
452597
452641
452644
9666
9668
36238
36239
36240
36723
55048
77149
77151
92062
244218
272460
415383
659130
659131
1353796
30549
1147105
2599796
2599797
768574
452646
1002249
1284774
9662
191034
231151
702266
30545
139309
55050
470560
204265
470561
300627
311562
9664
204267
470562
1100834
30554
1967458
9659
9660
29065
36721
36722
74864
759594
1628727
1628728
48420
204263
76720
9704
419013
686441
29084
30584
37190
37191
37194
161921
161927
161928
34884
34886
34888
161930
161932
9707
9711
9713
9715
9716
9720
39088
39089
39090
29086
248254
39293
39304
101849
207342
9718
9719
693431
29088
1295174
30542
30543
30544
298411
1566867
2717393
30547
30548
30551
30552
2019457
2340998
2839978
55045
311557
9649
424585
1967474
816535
816536
816537
816538
816539
816540
816541
816542
816543
816544
816545
816546
816547
816548
816549
816550
816551
816552
915850
974056
974057
974058
974059
974060
974061
974062
974063
1067753
1067754
1067755
1067756
1067757
1067758
1067759
1067760
